#DH(SLy4)+HP EOS for the outer crust, NL3omegarho EOS for the inner crust and core                                            
#    nb/nb0        nb(fm^-3)     eng(MeV/fm^3)  Prs(MeV/fm^3)   eng(g/cm^3)  Pres(dyn/cm^2)    muB(MeV)    mue(MeV)    h=ln(mub/mN)
   0.134527E-06   0.199100E-07   0.185281E-04   0.239234E-08   0.330300E+08   0.383300E+25   0.930712E+03   0.000000E+00  -0.886604E-02
   0.268446E-06   0.397300E-07   0.369776E-04   0.627887E-08   0.659200E+08   0.100600E+26   0.930881E+03   0.000000E+00  -0.868417E-02
   0.535541E-06   0.792600E-07   0.737645E-04   0.162527E-07   0.131500E+09   0.260400E+26   0.930870E+03   0.000000E+00  -0.869570E-02
   0.106824E-05   0.158100E-06   0.147249E-03   0.416677E-07   0.262500E+09   0.667600E+26   0.931627E+03   0.000000E+00  -0.788300E-02
   0.134527E-05   0.199100E-06   0.185393E-03   0.545375E-07   0.330500E+09   0.873800E+26   0.931429E+03   0.000000E+00  -0.809569E-02
   0.213243E-05   0.315600E-06   0.293880E-03   0.101673E-06   0.523900E+09   0.162900E+27   0.931501E+03   0.000000E+00  -0.801812E-02
   0.337905E-05   0.500100E-06   0.465754E-03   0.189053E-06   0.830300E+09   0.302900E+27   0.931700E+03   0.000000E+00  -0.780444E-02
   0.425405E-05   0.629600E-06   0.586750E-03   0.257708E-06   0.104600E+10   0.412900E+27   0.932351E+03   0.000000E+00  -0.710621E-02
   0.493176E-05   0.729900E-06   0.679868E-03   0.314318E-06   0.121200E+10   0.503600E+27   0.931884E+03   0.000000E+00  -0.760743E-02
   0.653176E-05   0.966700E-06   0.900881E-03   0.428161E-06   0.160600E+10   0.686000E+27   0.932356E+03   0.000000E+00  -0.710043E-02
   0.103514E-04   0.153200E-05   0.142761E-02   0.793908E-06   0.254500E+10   0.127200E+28   0.932378E+03   0.000000E+00  -0.707673E-02
   0.169392E-04   0.250700E-05   0.233690E-02   0.147048E-05   0.416600E+10   0.235600E+28   0.932738E+03   0.000000E+00  -0.669070E-02
   0.268514E-04   0.397400E-05   0.370562E-02   0.272251E-05   0.660600E+10   0.436200E+28   0.933150E+03   0.000000E+00  -0.624966E-02
   0.326351E-04   0.483000E-05   0.450496E-02   0.353389E-05   0.803100E+10   0.566200E+28   0.933436E+03   0.000000E+00  -0.594255E-02
   0.410878E-04   0.608100E-05   0.567117E-02   0.480714E-05   0.101100E+11   0.770200E+28   0.933396E+03   0.000000E+00  -0.598611E-02
   0.535811E-04   0.793000E-05   0.739889E-02   0.654101E-05   0.131900E+11   0.104800E+29   0.933850E+03   0.000000E+00  -0.549968E-02
   0.674459E-04   0.998200E-05   0.931733E-02   0.889402E-05   0.166100E+11   0.142500E+29   0.934304E+03   0.000000E+00  -0.501370E-02
   0.849324E-04   0.125700E-04   0.117294E-01   0.120959E-04   0.209100E+11   0.193800E+29   0.934089E+03   0.000000E+00  -0.524407E-02
   0.102838E-03   0.152200E-04   0.142088E-01   0.156223E-04   0.253300E+11   0.250300E+29   0.934587E+03   0.000000E+00  -0.471128E-02
   0.134527E-03   0.199100E-04   0.185954E-01   0.212458E-04   0.331500E+11   0.340400E+29   0.935039E+03   0.000000E+00  -0.422679E-02
   0.169392E-03   0.250700E-04   0.234139E-01   0.288853E-04   0.417400E+11   0.462800E+29   0.935094E+03   0.000000E+00  -0.416836E-02
   0.204392E-03   0.302500E-04   0.282661E-01   0.371302E-04   0.503900E+11   0.594900E+29   0.935644E+03   0.000000E+00  -0.357998E-02
   0.268446E-03   0.397300E-04   0.371291E-01   0.504868E-04   0.661900E+11   0.808900E+29   0.935806E+03   0.000000E+00  -0.340760E-02
   0.337973E-03   0.500200E-04   0.467661E-01   0.686556E-04   0.833700E+11   0.110000E+30   0.936321E+03   0.000000E+00  -0.285668E-02
   0.390338E-03   0.577700E-04   0.540248E-01   0.905006E-04   0.963100E+11   0.145000E+30   0.936737E+03   0.000000E+00  -0.241296E-02
   0.442230E-03   0.654500E-04   0.611993E-01   0.933092E-04   0.109100E+12   0.149500E+30   0.936480E+03   0.000000E+00  -0.268735E-02
   0.573311E-03   0.848500E-04   0.794020E-01   0.126888E-03   0.141550E+12   0.203300E+30   0.937288E+03   0.000000E+00  -0.182448E-02
   0.688851E-03   0.101950E-03   0.954171E-01   0.162090E-03   0.170100E+12   0.259700E+30   0.937510E+03   0.000000E+00  -0.158796E-02
   0.848649E-03   0.125600E-03   0.117574E+00   0.205343E-03   0.209600E+12   0.329000E+30   0.937737E+03   0.000000E+00  -0.134560E-02
   0.110473E-02   0.163500E-03   0.153138E+00   0.279179E-03   0.273000E+12   0.447300E+30   0.938334E+03   0.000000E+00  -0.709077E-03
   0.134459E-02   0.199000E-03   0.186515E+00   0.363001E-03   0.332500E+12   0.581600E+30   0.939085E+03   0.000000E+00   0.901053E-04
   0.202703E-02   0.300000E-03   0.281388E+00   0.499237E-03   0.501631E+12   0.799878E+30   0.939625E+03   0.000000E+00   0.665418E-03
   0.270270E-02   0.400000E-03   0.375513E+00   0.570275E-03   0.669427E+12   0.913695E+30   0.940209E+03   0.000000E+00   0.128649E-02
   0.337838E-02   0.500000E-03   0.469441E+00   0.639339E-03   0.836872E+12   0.102435E+31   0.940160E+03   0.000000E+00   0.123507E-02
   0.405405E-02   0.600000E-03   0.563369E+00   0.710377E-03   0.100432E+13   0.113817E+31   0.940132E+03   0.000000E+00   0.120429E-02
   0.472973E-02   0.700000E-03   0.657493E+00   0.789308E-03   0.117211E+13   0.126463E+31   0.940404E+03   0.000000E+00   0.149410E-02
   0.540541E-02   0.800000E-03   0.751618E+00   0.860346E-03   0.133991E+13   0.137845E+31   0.940599E+03   0.000000E+00   0.170091E-02
   0.608108E-02   0.900000E-03   0.845546E+00   0.939276E-03   0.150736E+13   0.150491E+31   0.940539E+03   0.000000E+00   0.163797E-02
   0.675676E-02   0.100000E-02   0.939671E+00   0.102018E-02   0.167515E+13   0.163453E+31   0.940691E+03   0.000000E+00   0.179951E-02
   0.101351E-01   0.150000E-02   0.141010E+01   0.147009E-02   0.251378E+13   0.235537E+31   0.941046E+03   0.000000E+00   0.217632E-02
   0.135135E-01   0.200000E-02   0.188072E+01   0.196932E-02   0.335277E+13   0.315525E+31   0.941346E+03   0.000000E+00   0.249570E-02
   0.168919E-01   0.250000E-02   0.235135E+01   0.251000E-02   0.419175E+13   0.402152E+31   0.941543E+03   0.000000E+00   0.270488E-02
   0.202703E-01   0.300000E-02   0.282237E+01   0.310001E-02   0.503144E+13   0.496683E+31   0.941823E+03   0.000000E+00   0.300146E-02
   0.236486E-01   0.350000E-02   0.329319E+01   0.370975E-02   0.587077E+13   0.594376E+31   0.941971E+03   0.000000E+00   0.315938E-02
   0.270270E-01   0.400000E-02   0.376421E+01   0.434909E-02   0.671046E+13   0.696811E+31   0.942140E+03   0.000000E+00   0.333802E-02
   0.304054E-01   0.450000E-02   0.423543E+01   0.502000E-02   0.755049E+13   0.804304E+31   0.942321E+03   0.000000E+00   0.353093E-02
   0.337838E-01   0.500000E-02   0.470664E+01   0.572051E-02   0.839053E+13   0.916540E+31   0.942473E+03   0.000000E+00   0.369150E-02
   0.371622E-01   0.550000E-02   0.517786E+01   0.644075E-02   0.923057E+13   0.103194E+32   0.942600E+03   0.000000E+00   0.382667E-02
   0.405405E-01   0.600000E-02   0.564927E+01   0.718073E-02   0.100710E+14   0.115050E+32   0.942742E+03   0.000000E+00   0.397767E-02
   0.439189E-01   0.650000E-02   0.612049E+01   0.794044E-02   0.109110E+14   0.127222E+32   0.942836E+03   0.000000E+00   0.407645E-02
   0.472973E-01   0.700000E-02   0.659210E+01   0.873961E-02   0.117517E+14   0.140026E+32   0.942977E+03   0.000000E+00   0.422687E-02
   0.506757E-01   0.750000E-02   0.706352E+01   0.955063E-02   0.125921E+14   0.153020E+32   0.943076E+03   0.000000E+00   0.433100E-02
   0.540541E-01   0.800000E-02   0.753513E+01   0.103991E-01   0.134329E+14   0.166615E+32   0.943191E+03   0.000000E+00   0.445322E-02
   0.574324E-01   0.850000E-02   0.800674E+01   0.112595E-01   0.142736E+14   0.180399E+32   0.943294E+03   0.000000E+00   0.456253E-02
   0.608108E-01   0.900000E-02   0.847835E+01   0.121494E-01   0.151144E+14   0.194658E+32   0.943389E+03   0.000000E+00   0.466317E-02
   0.641892E-01   0.950000E-02   0.895016E+01   0.130591E-01   0.159554E+14   0.209233E+32   0.943497E+03   0.000000E+00   0.477742E-02
   0.675676E-01   0.100000E-01   0.942197E+01   0.140003E-01   0.167965E+14   0.224314E+32   0.943597E+03   0.000000E+00   0.488358E-02
   0.810811E-01   0.120000E-01   0.113094E+02   0.180791E-01   0.201613E+14   0.289663E+32   0.943957E+03   0.000000E+00   0.526481E-02
   0.945946E-01   0.140000E-01   0.131978E+02   0.226709E-01   0.235278E+14   0.363233E+32   0.944321E+03   0.000000E+00   0.565047E-02
   0.108108E+00   0.160000E-01   0.150866E+02   0.277600E-01   0.268949E+14   0.444770E+32   0.944650E+03   0.000000E+00   0.599863E-02
   0.121622E+00   0.180000E-01   0.169764E+02   0.334805E-01   0.302639E+14   0.536424E+32   0.944995E+03   0.000000E+00   0.636446E-02
   0.135135E+00   0.200000E-01   0.188666E+02   0.398107E-01   0.336335E+14   0.637847E+32   0.945322E+03   0.000000E+00   0.671016E-02
   0.148649E+00   0.220000E-01   0.207576E+02   0.467408E-01   0.370046E+14   0.748882E+32   0.945653E+03   0.000000E+00   0.705969E-02
   0.162162E+00   0.240000E-01   0.226494E+02   0.543399E-01   0.403771E+14   0.870634E+32   0.945989E+03   0.000000E+00   0.741511E-02
   0.175676E+00   0.260000E-01   0.245416E+02   0.626000E-01   0.437502E+14   0.100298E+33   0.946314E+03   0.000000E+00   0.775865E-02
   0.189189E+00   0.280000E-01   0.264345E+02   0.714699E-01   0.471248E+14   0.114509E+33   0.946642E+03   0.000000E+00   0.810581E-02
   0.202703E+00   0.300000E-01   0.283283E+02   0.810106E-01   0.505008E+14   0.129795E+33   0.946976E+03   0.000000E+00   0.845798E-02
   0.216216E+00   0.320000E-01   0.302224E+02   0.911690E-01   0.538775E+14   0.146071E+33   0.947299E+03   0.000000E+00   0.879943E-02
   0.229730E+00   0.340000E-01   0.321173E+02   0.101939E+00   0.572556E+14   0.163327E+33   0.947626E+03   0.000000E+00   0.914409E-02
   0.243243E+00   0.360000E-01   0.340129E+02   0.113299E+00   0.606347E+14   0.181528E+33   0.947949E+03   0.000000E+00   0.948499E-02
   0.256757E+00   0.380000E-01   0.359092E+02   0.125180E+00   0.640153E+14   0.200564E+33   0.948272E+03   0.000000E+00   0.982628E-02
   0.270270E+00   0.400000E-01   0.378061E+02   0.137649E+00   0.673969E+14   0.220542E+33   0.948593E+03   0.000000E+00   0.101644E-01
   0.283784E+00   0.420000E-01   0.397036E+02   0.150649E+00   0.707796E+14   0.241370E+33   0.948910E+03   0.000000E+00   0.104985E-01
   0.297297E+00   0.440000E-01   0.416017E+02   0.164150E+00   0.741633E+14   0.263002E+33   0.949223E+03   0.000000E+00   0.108282E-01
   0.310811E+00   0.460000E-01   0.435003E+02   0.178129E+00   0.775481E+14   0.285398E+33   0.949532E+03   0.000000E+00   0.111536E-01
   0.324324E+00   0.480000E-01   0.453998E+02   0.192569E+00   0.809342E+14   0.308535E+33   0.949841E+03   0.000000E+00   0.114793E-01
   0.337838E+00   0.500000E-01   0.472999E+02   0.207470E+00   0.843215E+14   0.332408E+33   0.950147E+03   0.000000E+00   0.118010E-01
   0.351351E+00   0.520000E-01   0.492003E+02   0.222780E+00   0.877094E+14   0.356938E+33   0.950444E+03   0.000000E+00   0.121141E-01
   0.364865E+00   0.540000E-01   0.511016E+02   0.238521E+00   0.910988E+14   0.382158E+33   0.950742E+03   0.000000E+00   0.124277E-01
   0.378378E+00   0.560000E-01   0.530034E+02   0.254660E+00   0.944892E+14   0.408017E+33   0.951037E+03   0.000000E+00   0.127374E-01
   0.391892E+00   0.580000E-01   0.549056E+02   0.271230E+00   0.978803E+14   0.434565E+33   0.951325E+03   0.000000E+00   0.130406E-01
   0.405405E+00   0.600000E-01   0.568087E+02   0.288131E+00   0.101273E+15   0.461643E+33   0.951613E+03   0.000000E+00   0.133432E-01
   0.418919E+00   0.620000E-01   0.587121E+02   0.305470E+00   0.104666E+15   0.489424E+33   0.951896E+03   0.000000E+00   0.136402E-01
   0.432432E+00   0.640000E-01   0.606163E+02   0.322330E+00   0.108061E+15   0.516437E+33   0.952166E+03   0.000000E+00   0.139237E-01
   0.445946E+00   0.660000E-01   0.625209E+02   0.340470E+00   0.111456E+15   0.545501E+33   0.952445E+03   0.000000E+00   0.142166E-01
   0.459459E+00   0.680000E-01   0.644261E+02   0.358950E+00   0.114852E+15   0.575109E+33   0.952721E+03   0.000000E+00   0.145066E-01
   0.472973E+00   0.700000E-01   0.663317E+02   0.377850E+00   0.118249E+15   0.605391E+33   0.952993E+03   0.000000E+00   0.147921E-01
   0.486486E+00   0.720000E-01   0.682380E+02   0.397079E+00   0.121648E+15   0.636200E+33   0.953266E+03   0.000000E+00   0.150780E-01
   0.500000E+00   0.740000E-01   0.701448E+02   0.416699E+00   0.125047E+15   0.667636E+33   0.953534E+03   0.000000E+00   0.153595E-01
   0.513514E+00   0.760000E-01   0.720522E+02   0.434360E+00   0.128447E+15   0.695932E+33   0.953770E+03   0.000000E+00   0.156072E-01
   0.527027E+00   0.780000E-01   0.739599E+02   0.455320E+00   0.131848E+15   0.729514E+33   0.954042E+03   0.000000E+00   0.158918E-01
   0.540541E+00   0.800000E-01   0.758683E+02   0.476630E+00   0.135250E+15   0.763656E+33   0.954311E+03   0.000000E+00   0.161745E-01
   0.554054E+00   0.820000E-01   0.777772E+02   0.498059E+00   0.138653E+15   0.797990E+33   0.954577E+03   0.000000E+00   0.164524E-01
   0.558139E+00   0.826046E-01   0.782812E+02   0.575651E+00   0.139552E+15   0.922309E+33   0.954630E+03   0.871538E+02   0.165083E-01
   0.570554E+00   0.844420E-01   0.800355E+02   0.604625E+00   0.142679E+15   0.968730E+33   0.954977E+03   0.883959E+02   0.168716E-01
   0.583245E+00   0.863203E-01   0.818296E+02   0.635353E+00   0.145878E+15   0.101796E+34   0.955337E+03   0.896462E+02   0.172484E-01
   0.596219E+00   0.882404E-01   0.836643E+02   0.667980E+00   0.149148E+15   0.107024E+34   0.955711E+03   0.909046E+02   0.176396E-01
   0.609481E+00   0.902032E-01   0.855406E+02   0.702664E+00   0.152493E+15   0.112581E+34   0.956099E+03   0.921711E+02   0.180463E-01
   0.623038E+00   0.922097E-01   0.874593E+02   0.739582E+00   0.155914E+15   0.118496E+34   0.956504E+03   0.934455E+02   0.184695E-01
   0.636897E+00   0.942608E-01   0.894217E+02   0.778925E+00   0.159412E+15   0.124799E+34   0.956926E+03   0.947278E+02   0.189106E-01
   0.651064E+00   0.963575E-01   0.914285E+02   0.820908E+00   0.162990E+15   0.131526E+34   0.957366E+03   0.960179E+02   0.193708E-01
   0.665546E+00   0.985008E-01   0.934810E+02   0.865766E+00   0.166649E+15   0.138713E+34   0.957827E+03   0.973159E+02   0.198516E-01
   0.680350E+00   0.100692E+00   0.955801E+02   0.913756E+00   0.170391E+15   0.146402E+34   0.958309E+03   0.986217E+02   0.203545E-01
   0.695484E+00   0.102932E+00   0.977271E+02   0.965164E+00   0.174218E+15   0.154639E+34   0.958814E+03   0.999354E+02   0.208812E-01
   0.710954E+00   0.105221E+00   0.999230E+02   0.102031E+01   0.178133E+15   0.163473E+34   0.959343E+03   0.101257E+03   0.214336E-01
   0.726769E+00   0.107562E+00   0.102169E+03   0.107953E+01   0.182137E+15   0.172962E+34   0.959900E+03   0.102587E+03   0.220136E-01
   0.742935E+00   0.109954E+00   0.104466E+03   0.114321E+01   0.186232E+15   0.183165E+34   0.960485E+03   0.103925E+03   0.226234E-01
   0.759460E+00   0.112400E+00   0.106816E+03   0.121177E+01   0.190421E+15   0.194150E+34   0.961102E+03   0.105271E+03   0.232652E-01
   0.776354E+00   0.114900E+00   0.109220E+03   0.128491E+01   0.194706E+15   0.205869E+34   0.961746E+03   0.106604E+03   0.239346E-01
   0.793623E+00   0.117456E+00   0.111679E+03   0.136261E+01   0.199090E+15   0.218317E+34   0.962414E+03   0.107908E+03   0.246297E-01
   0.811276E+00   0.120069E+00   0.114194E+03   0.144598E+01   0.203574E+15   0.231674E+34   0.963116E+03   0.109201E+03   0.253588E-01
   0.829322E+00   0.122740E+00   0.116768E+03   0.153578E+01   0.208161E+15   0.246063E+34   0.963856E+03   0.110489E+03   0.261265E-01
   0.847769E+00   0.125470E+00   0.119400E+03   0.163277E+01   0.212855E+15   0.261602E+34   0.964637E+03   0.111774E+03   0.269369E-01
   0.866627E+00   0.128261E+00   0.122093E+03   0.173771E+01   0.217656E+15   0.278417E+34   0.965465E+03   0.113059E+03   0.277940E-01
   0.885904E+00   0.131114E+00   0.124849E+03   0.185147E+01   0.222569E+15   0.296643E+34   0.966342E+03   0.114345E+03   0.287021E-01
   0.905609E+00   0.134030E+00   0.127669E+03   0.197495E+01   0.227595E+15   0.316426E+34   0.967273E+03   0.115634E+03   0.296654E-01
   0.925754E+00   0.137012E+00   0.130554E+03   0.210914E+01   0.232739E+15   0.337927E+34   0.968263E+03   0.116927E+03   0.306885E-01
   0.946346E+00   0.140059E+00   0.133507E+03   0.225514E+01   0.238002E+15   0.361319E+34   0.969317E+03   0.118226E+03   0.317763E-01
   0.967396E+00   0.143175E+00   0.136528E+03   0.241414E+01   0.243389E+15   0.386794E+34   0.970440E+03   0.119531E+03   0.329338E-01
   0.988915E+00   0.146359E+00   0.139621E+03   0.258746E+01   0.248902E+15   0.414562E+34   0.971637E+03   0.120845E+03   0.341666E-01
   0.101091E+01   0.149615E+00   0.142786E+03   0.277652E+01   0.254545E+15   0.444853E+34   0.972914E+03   0.122167E+03   0.354805E-01
   0.103340E+01   0.152943E+00   0.146026E+03   0.298290E+01   0.260321E+15   0.477921E+34   0.974278E+03   0.123499E+03   0.368817E-01
   0.105639E+01   0.156345E+00   0.149343E+03   0.320836E+01   0.266234E+15   0.514043E+34   0.975736E+03   0.124844E+03   0.383768E-01
   0.107988E+01   0.159823E+00   0.152739E+03   0.345479E+01   0.272288E+15   0.553526E+34   0.977295E+03   0.126200E+03   0.399730E-01
   0.110390E+01   0.163378E+00   0.156216E+03   0.372429E+01   0.278487E+15   0.596706E+34   0.978962E+03   0.127571E+03   0.416779E-01
   0.112846E+01   0.167012E+00   0.159777E+03   0.401918E+01   0.284835E+15   0.643952E+34   0.980747E+03   0.128957E+03   0.434995E-01
   0.115356E+01   0.170727E+00   0.163424E+03   0.434199E+01   0.291336E+15   0.695673E+34   0.982659E+03   0.130360E+03   0.454466E-01
   0.117922E+01   0.174524E+00   0.167160E+03   0.469552E+01   0.297996E+15   0.752317E+34   0.984707E+03   0.131780E+03   0.475283E-01
   0.120545E+01   0.178407E+00   0.170987E+03   0.508285E+01   0.304818E+15   0.814375E+34   0.986901E+03   0.133219E+03   0.497547E-01
   0.123226E+01   0.182375E+00   0.174908E+03   0.550736E+01   0.311808E+15   0.882390E+34   0.989255E+03   0.134677E+03   0.521362E-01
   0.125967E+01   0.186432E+00   0.178926E+03   0.597276E+01   0.318972E+15   0.956956E+34   0.991778E+03   0.136157E+03   0.546839E-01
   0.128769E+01   0.190579E+00   0.183045E+03   0.648313E+01   0.326314E+15   0.103873E+35   0.994485E+03   0.137659E+03   0.574099E-01
   0.131634E+01   0.194818E+00   0.187266E+03   0.704294E+01   0.333840E+15   0.112842E+35   0.997390E+03   0.139183E+03   0.603266E-01
   0.134562E+01   0.199151E+00   0.191595E+03   0.765709E+01   0.341557E+15   0.122682E+35   0.100051E+04   0.140731E+03   0.634473E-01
   0.137555E+01   0.203581E+00   0.196035E+03   0.833092E+01   0.349471E+15   0.133478E+35   0.100385E+04   0.142303E+03   0.667860E-01
   0.140615E+01   0.208110E+00   0.200589E+03   0.907027E+01   0.357590E+15   0.145324E+35   0.100745E+04   0.143899E+03   0.703573E-01
   0.143742E+01   0.212739E+00   0.205261E+03   0.988148E+01   0.365919E+15   0.158321E+35   0.101130E+04   0.145520E+03   0.741763E-01
   0.146940E+01   0.217471E+00   0.210057E+03   0.107714E+02   0.374468E+15   0.172580E+35   0.101544E+04   0.147166E+03   0.782586E-01
   0.150208E+01   0.222308E+00   0.214979E+03   0.117475E+02   0.383243E+15   0.188219E+35   0.101988E+04   0.148835E+03   0.826203E-01
   0.153550E+01   0.227253E+00   0.220034E+03   0.128178E+02   0.392255E+15   0.205367E+35   0.102464E+04   0.150528E+03   0.872776E-01
   0.156965E+01   0.232308E+00   0.225226E+03   0.139907E+02   0.401511E+15   0.224160E+35   0.102974E+04   0.152243E+03   0.922467E-01
   0.160457E+01   0.237476E+00   0.230559E+03   0.152704E+02   0.411018E+15   0.244663E+35   0.103518E+04   0.153984E+03   0.975129E-01
   0.160617E+01   0.237713E+00   0.230805E+03   0.153316E+02   0.411456E+15   0.245643E+35   0.103544E+04   0.154063E+03   0.977617E-01
   0.160778E+01   0.237951E+00   0.231051E+03   0.153931E+02   0.411895E+15   0.246628E+35   0.103569E+04   0.154143E+03   0.980112E-01
   0.160939E+01   0.238189E+00   0.231298E+03   0.154548E+02   0.412335E+15   0.247617E+35   0.103595E+04   0.154222E+03   0.982614E-01
   0.161100E+01   0.238427E+00   0.231545E+03   0.155167E+02   0.412775E+15   0.248609E+35   0.103621E+04   0.154302E+03   0.985123E-01
   0.161261E+01   0.238666E+00   0.231792E+03   0.155789E+02   0.413216E+15   0.249606E+35   0.103647E+04   0.154381E+03   0.987640E-01
   0.161422E+01   0.238905E+00   0.232040E+03   0.156414E+02   0.413657E+15   0.250607E+35   0.103674E+04   0.154461E+03   0.990163E-01
   0.161584E+01   0.239144E+00   0.232287E+03   0.157041E+02   0.414099E+15   0.251612E+35   0.103700E+04   0.154541E+03   0.992694E-01
   0.161745E+01   0.239383E+00   0.232536E+03   0.157671E+02   0.414541E+15   0.252621E+35   0.103726E+04   0.154620E+03   0.995232E-01
   0.161907E+01   0.239623E+00   0.232784E+03   0.158304E+02   0.414984E+15   0.253634E+35   0.103752E+04   0.154700E+03   0.997777E-01
   0.162069E+01   0.239862E+00   0.233033E+03   0.158939E+02   0.415428E+15   0.254651E+35   0.103779E+04   0.154780E+03   0.100033E+00
   0.162231E+01   0.240102E+00   0.233282E+03   0.159576E+02   0.415872E+15   0.255673E+35   0.103806E+04   0.154860E+03   0.100289E+00
   0.162394E+01   0.240343E+00   0.233531E+03   0.160216E+02   0.416316E+15   0.256699E+35   0.103832E+04   0.154939E+03   0.100546E+00
   0.162556E+01   0.240583E+00   0.233781E+03   0.160859E+02   0.416761E+15   0.257728E+35   0.103859E+04   0.155019E+03   0.100803E+00
   0.162719E+01   0.240824E+00   0.234031E+03   0.161505E+02   0.417207E+15   0.258763E+35   0.103886E+04   0.155099E+03   0.101061E+00
   0.162882E+01   0.241065E+00   0.234281E+03   0.162153E+02   0.417653E+15   0.259801E+35   0.103913E+04   0.155179E+03   0.101320E+00
   0.163044E+01   0.241306E+00   0.234532E+03   0.162803E+02   0.418100E+15   0.260844E+35   0.103940E+04   0.155259E+03   0.101580E+00
   0.163208E+01   0.241547E+00   0.234783E+03   0.163457E+02   0.418548E+15   0.261890E+35   0.103967E+04   0.155339E+03   0.101840E+00
   0.163371E+01   0.241789E+00   0.235034E+03   0.164113E+02   0.418996E+15   0.262942E+35   0.103994E+04   0.155419E+03   0.102101E+00
   0.163534E+01   0.242031E+00   0.235286E+03   0.164772E+02   0.419444E+15   0.263997E+35   0.104021E+04   0.155500E+03   0.102363E+00
   0.163698E+01   0.242273E+00   0.235538E+03   0.165433E+02   0.419893E+15   0.265057E+35   0.104048E+04   0.155580E+03   0.102626E+00
   0.163862E+01   0.242515E+00   0.235790E+03   0.166097E+02   0.420343E+15   0.266121E+35   0.104076E+04   0.155660E+03   0.102889E+00
   0.164026E+01   0.242758E+00   0.236043E+03   0.166764E+02   0.420793E+15   0.267189E+35   0.104103E+04   0.155740E+03   0.103153E+00
   0.164190E+01   0.243001E+00   0.236295E+03   0.167433E+02   0.421244E+15   0.268262E+35   0.104131E+04   0.155820E+03   0.103418E+00
   0.164354E+01   0.243244E+00   0.236549E+03   0.168106E+02   0.421695E+15   0.269339E+35   0.104158E+04   0.155901E+03   0.103683E+00
   0.164518E+01   0.243487E+00   0.236802E+03   0.168781E+02   0.422147E+15   0.270420E+35   0.104186E+04   0.155981E+03   0.103949E+00
   0.164683E+01   0.243731E+00   0.237056E+03   0.169458E+02   0.422600E+15   0.271506E+35   0.104214E+04   0.156061E+03   0.104216E+00
   0.164848E+01   0.243975E+00   0.237310E+03   0.170139E+02   0.423053E+15   0.272597E+35   0.104242E+04   0.156142E+03   0.104484E+00
   0.165013E+01   0.244219E+00   0.237565E+03   0.170822E+02   0.423507E+15   0.273691E+35   0.104270E+04   0.156222E+03   0.104753E+00
   0.165178E+01   0.244463E+00   0.237819E+03   0.171508E+02   0.423961E+15   0.274791E+35   0.104298E+04   0.156303E+03   0.105022E+00
   0.165343E+01   0.244708E+00   0.238075E+03   0.172197E+02   0.424416E+15   0.275894E+35   0.104326E+04   0.156383E+03   0.105292E+00
   0.165509E+01   0.244953E+00   0.238330E+03   0.172889E+02   0.424871E+15   0.277002E+35   0.104354E+04   0.156464E+03   0.105563E+00
   0.165674E+01   0.245198E+00   0.238586E+03   0.173583E+02   0.425327E+15   0.278115E+35   0.104383E+04   0.156545E+03   0.105834E+00
   0.165840E+01   0.245443E+00   0.238842E+03   0.174281E+02   0.425784E+15   0.279232E+35   0.104411E+04   0.156625E+03   0.106106E+00
   0.166006E+01   0.245689E+00   0.239098E+03   0.174981E+02   0.426241E+15   0.280354E+35   0.104440E+04   0.156706E+03   0.106379E+00
   0.166172E+01   0.245934E+00   0.239355E+03   0.175684E+02   0.426698E+15   0.281480E+35   0.104468E+04   0.156787E+03   0.106653E+00
   0.166338E+01   0.246181E+00   0.239612E+03   0.176389E+02   0.427157E+15   0.282611E+35   0.104497E+04   0.156867E+03   0.106928E+00
   0.166505E+01   0.246427E+00   0.239870E+03   0.177098E+02   0.427616E+15   0.283746E+35   0.104526E+04   0.156948E+03   0.107203E+00
   0.166671E+01   0.246673E+00   0.240127E+03   0.177809E+02   0.428075E+15   0.284886E+35   0.104555E+04   0.157029E+03   0.107479E+00
   0.166838E+01   0.246920E+00   0.240385E+03   0.178524E+02   0.428535E+15   0.286031E+35   0.104584E+04   0.157110E+03   0.107756E+00
   0.167005E+01   0.247167E+00   0.240644E+03   0.179241E+02   0.428996E+15   0.287180E+35   0.104613E+04   0.157191E+03   0.108033E+00
   0.167172E+01   0.247415E+00   0.240903E+03   0.179961E+02   0.429457E+15   0.288334E+35   0.104642E+04   0.157272E+03   0.108312E+00
   0.167339E+01   0.247662E+00   0.241162E+03   0.180684E+02   0.429919E+15   0.289492E+35   0.104671E+04   0.157353E+03   0.108591E+00
   0.167507E+01   0.247910E+00   0.241421E+03   0.181410E+02   0.430381E+15   0.290655E+35   0.104700E+04   0.157433E+03   0.108871E+00
   0.167674E+01   0.248158E+00   0.241681E+03   0.182139E+02   0.430844E+15   0.291823E+35   0.104730E+04   0.157514E+03   0.109151E+00
   0.167842E+01   0.248406E+00   0.241941E+03   0.182871E+02   0.431308E+15   0.292996E+35   0.104759E+04   0.157596E+03   0.109433E+00
   0.168010E+01   0.248655E+00   0.242201E+03   0.183606E+02   0.431772E+15   0.294173E+35   0.104789E+04   0.157677E+03   0.109715E+00
   0.168178E+01   0.248903E+00   0.242462E+03   0.184343E+02   0.432237E+15   0.295355E+35   0.104818E+04   0.157758E+03   0.109998E+00
   0.168346E+01   0.249152E+00   0.242723E+03   0.185084E+02   0.432702E+15   0.296542E+35   0.104848E+04   0.157839E+03   0.110281E+00
   0.168515E+01   0.249402E+00   0.242984E+03   0.185828E+02   0.433168E+15   0.297733E+35   0.104878E+04   0.157920E+03   0.110566E+00
   0.168683E+01   0.249651E+00   0.243246E+03   0.186574E+02   0.433635E+15   0.298929E+35   0.104908E+04   0.158001E+03   0.110851E+00
   0.168852E+01   0.249901E+00   0.243508E+03   0.187324E+02   0.434102E+15   0.300130E+35   0.104938E+04   0.158082E+03   0.111137E+00
   0.169021E+01   0.250151E+00   0.243771E+03   0.188077E+02   0.434570E+15   0.301336E+35   0.104968E+04   0.158164E+03   0.111424E+00
   0.169190E+01   0.250401E+00   0.244033E+03   0.188832E+02   0.435038E+15   0.302547E+35   0.104998E+04   0.158245E+03   0.111712E+00
   0.169359E+01   0.250652E+00   0.244296E+03   0.189591E+02   0.435507E+15   0.303763E+35   0.105028E+04   0.158326E+03   0.112000E+00
   0.169529E+01   0.250903E+00   0.244560E+03   0.190353E+02   0.435977E+15   0.304983E+35   0.105059E+04   0.158408E+03   0.112289E+00
   0.169698E+01   0.251154E+00   0.244824E+03   0.191118E+02   0.436447E+15   0.306208E+35   0.105089E+04   0.158489E+03   0.112579E+00
   0.169868E+01   0.251405E+00   0.245088E+03   0.191885E+02   0.436918E+15   0.307439E+35   0.105120E+04   0.158571E+03   0.112870E+00
   0.170038E+01   0.251657E+00   0.245352E+03   0.192656E+02   0.437389E+15   0.308674E+35   0.105150E+04   0.158652E+03   0.113161E+00
   0.170208E+01   0.251908E+00   0.245617E+03   0.193430E+02   0.437861E+15   0.309914E+35   0.105181E+04   0.158733E+03   0.113454E+00
   0.170379E+01   0.252160E+00   0.245882E+03   0.194207E+02   0.438334E+15   0.311159E+35   0.105212E+04   0.158815E+03   0.113747E+00
   0.170549E+01   0.252413E+00   0.246148E+03   0.194988E+02   0.438807E+15   0.312409E+35   0.105243E+04   0.158896E+03   0.114041E+00
   0.170720E+01   0.252665E+00   0.246413E+03   0.195771E+02   0.439281E+15   0.313664E+35   0.105274E+04   0.158978E+03   0.114335E+00
   0.170891E+01   0.252918E+00   0.246680E+03   0.196557E+02   0.439756E+15   0.314924E+35   0.105305E+04   0.159060E+03   0.114631E+00
   0.171061E+01   0.253171E+00   0.246946E+03   0.197347E+02   0.440231E+15   0.316189E+35   0.105336E+04   0.159141E+03   0.114927E+00
   0.171233E+01   0.253424E+00   0.247213E+03   0.198140E+02   0.440707E+15   0.317459E+35   0.105368E+04   0.159223E+03   0.115224E+00
   0.171404E+01   0.253678E+00   0.247480E+03   0.198935E+02   0.441183E+15   0.318734E+35   0.105399E+04   0.159305E+03   0.115522E+00
   0.171575E+01   0.253932E+00   0.247748E+03   0.199734E+02   0.441660E+15   0.320014E+35   0.105430E+04   0.159386E+03   0.115821E+00
   0.171747E+01   0.254186E+00   0.248016E+03   0.200537E+02   0.442137E+15   0.321300E+35   0.105462E+04   0.159468E+03   0.116120E+00
   0.171919E+01   0.254440E+00   0.248284E+03   0.201342E+02   0.442616E+15   0.322590E+35   0.105494E+04   0.159550E+03   0.116420E+00
   0.172091E+01   0.254695E+00   0.248552E+03   0.202150E+02   0.443094E+15   0.323885E+35   0.105525E+04   0.159632E+03   0.116721E+00
   0.172263E+01   0.254949E+00   0.248821E+03   0.202962E+02   0.443574E+15   0.325186E+35   0.105557E+04   0.159713E+03   0.117023E+00
   0.172435E+01   0.255204E+00   0.249091E+03   0.203777E+02   0.444054E+15   0.326492E+35   0.105589E+04   0.159795E+03   0.117326E+00
   0.172608E+01   0.255460E+00   0.249360E+03   0.204595E+02   0.444535E+15   0.327803E+35   0.105621E+04   0.159877E+03   0.117629E+00
   0.172781E+01   0.255715E+00   0.249630E+03   0.205417E+02   0.445016E+15   0.329119E+35   0.105653E+04   0.159959E+03   0.117934E+00
   0.172954E+01   0.255971E+00   0.249901E+03   0.206241E+02   0.445498E+15   0.330440E+35   0.105686E+04   0.160041E+03   0.118239E+00
   0.173127E+01   0.256227E+00   0.250171E+03   0.207069E+02   0.445981E+15   0.331767E+35   0.105718E+04   0.160123E+03   0.118544E+00
   0.173300E+01   0.256484E+00   0.250442E+03   0.207901E+02   0.446464E+15   0.333098E+35   0.105750E+04   0.160205E+03   0.118851E+00
   0.173473E+01   0.256740E+00   0.250714E+03   0.208735E+02   0.446948E+15   0.334435E+35   0.105783E+04   0.160287E+03   0.119159E+00
   0.173647E+01   0.256997E+00   0.250986E+03   0.209573E+02   0.447432E+15   0.335778E+35   0.105816E+04   0.160369E+03   0.119467E+00
   0.173820E+01   0.257254E+00   0.251258E+03   0.210414E+02   0.447917E+15   0.337125E+35   0.105848E+04   0.160451E+03   0.119776E+00
   0.173994E+01   0.257512E+00   0.251530E+03   0.211258E+02   0.448403E+15   0.338478E+35   0.105881E+04   0.160533E+03   0.120086E+00
   0.174168E+01   0.257769E+00   0.251803E+03   0.212106E+02   0.448889E+15   0.339836E+35   0.105914E+04   0.160615E+03   0.120397E+00
   0.174343E+01   0.258027E+00   0.252076E+03   0.212957E+02   0.449376E+15   0.341200E+35   0.105947E+04   0.160697E+03   0.120708E+00
   0.174517E+01   0.258285E+00   0.252350E+03   0.213812E+02   0.449864E+15   0.342569E+35   0.105980E+04   0.160779E+03   0.121020E+00
   0.174692E+01   0.258544E+00   0.252624E+03   0.214669E+02   0.450352E+15   0.343943E+35   0.106013E+04   0.160861E+03   0.121334E+00
   0.174867E+01   0.258802E+00   0.252898E+03   0.215530E+02   0.450841E+15   0.345323E+35   0.106047E+04   0.160944E+03   0.121647E+00
   0.175041E+01   0.259061E+00   0.253173E+03   0.216395E+02   0.451331E+15   0.346708E+35   0.106080E+04   0.161026E+03   0.121962E+00
   0.175217E+01   0.259321E+00   0.253448E+03   0.217263E+02   0.451821E+15   0.348098E+35   0.106113E+04   0.161108E+03   0.122278E+00
   0.175392E+01   0.259580E+00   0.253723E+03   0.218134E+02   0.452312E+15   0.349494E+35   0.106147E+04   0.161190E+03   0.122594E+00
   0.175567E+01   0.259840E+00   0.253999E+03   0.219009E+02   0.452803E+15   0.350896E+35   0.106181E+04   0.161273E+03   0.122911E+00
   0.175743E+01   0.260100E+00   0.254275E+03   0.219887E+02   0.453296E+15   0.352302E+35   0.106214E+04   0.161355E+03   0.123230E+00
   0.175919E+01   0.260360E+00   0.254551E+03   0.220768E+02   0.453788E+15   0.353715E+35   0.106248E+04   0.161437E+03   0.123548E+00
   0.176095E+01   0.260620E+00   0.254828E+03   0.221653E+02   0.454282E+15   0.355133E+35   0.106282E+04   0.161520E+03   0.123868E+00
   0.176271E+01   0.260881E+00   0.255105E+03   0.222542E+02   0.454776E+15   0.356556E+35   0.106316E+04   0.161602E+03   0.124189E+00
   0.176447E+01   0.261142E+00   0.255383E+03   0.223433E+02   0.455271E+15   0.357985E+35   0.106351E+04   0.161684E+03   0.124510E+00
   0.176624E+01   0.261403E+00   0.255661E+03   0.224329E+02   0.455766E+15   0.359419E+35   0.106385E+04   0.161767E+03   0.124832E+00
   0.176801E+01   0.261665E+00   0.255939E+03   0.225228E+02   0.456262E+15   0.360860E+35   0.106419E+04   0.161849E+03   0.125155E+00
   0.176978E+01   0.261927E+00   0.256218E+03   0.226130E+02   0.456759E+15   0.362305E+35   0.106454E+04   0.161932E+03   0.125479E+00
   0.177155E+01   0.262189E+00   0.256497E+03   0.227036E+02   0.457256E+15   0.363757E+35   0.106488E+04   0.162014E+03   0.125804E+00
   0.177332E+01   0.262451E+00   0.256776E+03   0.227945E+02   0.457755E+15   0.365213E+35   0.106523E+04   0.162097E+03   0.126129E+00
   0.177509E+01   0.262714E+00   0.257056E+03   0.228858E+02   0.458253E+15   0.366676E+35   0.106558E+04   0.162179E+03   0.126455E+00
   0.177687E+01   0.262977E+00   0.257336E+03   0.229774E+02   0.458753E+15   0.368144E+35   0.106592E+04   0.162262E+03   0.126782E+00
   0.177865E+01   0.263240E+00   0.257616E+03   0.230694E+02   0.459253E+15   0.369618E+35   0.106627E+04   0.162344E+03   0.127110E+00
   0.178043E+01   0.263503E+00   0.257897E+03   0.231618E+02   0.459753E+15   0.371098E+35   0.106663E+04   0.162427E+03   0.127439E+00
   0.178221E+01   0.263767E+00   0.258178E+03   0.232545E+02   0.460255E+15   0.372583E+35   0.106698E+04   0.162509E+03   0.127769E+00
   0.178399E+01   0.264031E+00   0.258460E+03   0.233475E+02   0.460757E+15   0.374074E+35   0.106733E+04   0.162592E+03   0.128099E+00
   0.178578E+01   0.264295E+00   0.258742E+03   0.234410E+02   0.461260E+15   0.375571E+35   0.106768E+04   0.162675E+03   0.128431E+00
   0.178756E+01   0.264559E+00   0.259024E+03   0.235347E+02   0.461763E+15   0.377074E+35   0.106804E+04   0.162757E+03   0.128763E+00
   0.178935E+01   0.264824E+00   0.259307E+03   0.236289E+02   0.462267E+15   0.378582E+35   0.106839E+04   0.162840E+03   0.129096E+00
   0.179114E+01   0.265089E+00   0.259590E+03   0.237234E+02   0.462772E+15   0.380096E+35   0.106875E+04   0.162923E+03   0.129430E+00
   0.179293E+01   0.265354E+00   0.259874E+03   0.238183E+02   0.463277E+15   0.381616E+35   0.106911E+04   0.163005E+03   0.129764E+00
   0.179473E+01   0.265620E+00   0.260158E+03   0.239135E+02   0.463783E+15   0.383142E+35   0.106947E+04   0.163088E+03   0.130100E+00
   0.179652E+01   0.265885E+00   0.260442E+03   0.240091E+02   0.464290E+15   0.384674E+35   0.106983E+04   0.163171E+03   0.130436E+00
   0.179832E+01   0.266151E+00   0.260727E+03   0.241051E+02   0.464797E+15   0.386212E+35   0.107019E+04   0.163253E+03   0.130773E+00
   0.180012E+01   0.266418E+00   0.261012E+03   0.242014E+02   0.465305E+15   0.387755E+35   0.107055E+04   0.163336E+03   0.131111E+00
   0.180192E+01   0.266684E+00   0.261297E+03   0.242981E+02   0.465814E+15   0.389304E+35   0.107091E+04   0.163419E+03   0.131450E+00
   0.180372E+01   0.266951E+00   0.261583E+03   0.243952E+02   0.466324E+15   0.390860E+35   0.107128E+04   0.163502E+03   0.131790E+00
   0.180553E+01   0.267218E+00   0.261869E+03   0.244926E+02   0.466834E+15   0.392421E+35   0.107164E+04   0.163585E+03   0.132130E+00
   0.180733E+01   0.267485E+00   0.262156E+03   0.245905E+02   0.467345E+15   0.393988E+35   0.107201E+04   0.163667E+03   0.132472E+00
   0.180914E+01   0.267753E+00   0.262442E+03   0.246887E+02   0.467856E+15   0.395562E+35   0.107237E+04   0.163750E+03   0.132814E+00
   0.181095E+01   0.268021E+00   0.262730E+03   0.247872E+02   0.468368E+15   0.397141E+35   0.107274E+04   0.163833E+03   0.133157E+00
   0.181276E+01   0.268289E+00   0.263018E+03   0.248862E+02   0.468881E+15   0.398726E+35   0.107311E+04   0.163916E+03   0.133501E+00
   0.181458E+01   0.268558E+00   0.263306E+03   0.249855E+02   0.469395E+15   0.400317E+35   0.107348E+04   0.163999E+03   0.133845E+00
   0.181639E+01   0.268826E+00   0.263594E+03   0.250852E+02   0.469909E+15   0.401915E+35   0.107385E+04   0.164082E+03   0.134191E+00
   0.181821E+01   0.269095E+00   0.263883E+03   0.251853E+02   0.470424E+15   0.403518E+35   0.107422E+04   0.164165E+03   0.134537E+00
   0.182003E+01   0.269364E+00   0.264172E+03   0.252857E+02   0.470940E+15   0.405128E+35   0.107460E+04   0.164247E+03   0.134885E+00
   0.182185E+01   0.269634E+00   0.264462E+03   0.253865E+02   0.471456E+15   0.406743E+35   0.107497E+04   0.164330E+03   0.135233E+00
   0.182367E+01   0.269904E+00   0.264752E+03   0.254878E+02   0.471973E+15   0.408365E+35   0.107535E+04   0.164413E+03   0.135582E+00
   0.182550E+01   0.270174E+00   0.265042E+03   0.255894E+02   0.472491E+15   0.409993E+35   0.107572E+04   0.164496E+03   0.135932E+00
   0.182732E+01   0.270444E+00   0.265333E+03   0.256914E+02   0.473009E+15   0.411627E+35   0.107610E+04   0.164579E+03   0.136282E+00
   0.182915E+01   0.270715E+00   0.265624E+03   0.257937E+02   0.473529E+15   0.413267E+35   0.107648E+04   0.164662E+03   0.136634E+00
   0.183098E+01   0.270985E+00   0.265916E+03   0.258965E+02   0.474049E+15   0.414914E+35   0.107686E+04   0.164745E+03   0.136986E+00
   0.183281E+01   0.271257E+00   0.266208E+03   0.259996E+02   0.474569E+15   0.416566E+35   0.107724E+04   0.164828E+03   0.137339E+00
   0.183465E+01   0.271528E+00   0.266500E+03   0.261032E+02   0.475090E+15   0.418225E+35   0.107762E+04   0.164911E+03   0.137694E+00
   0.183648E+01   0.271800E+00   0.266793E+03   0.262071E+02   0.475612E+15   0.419890E+35   0.107800E+04   0.164994E+03   0.138049E+00
   0.183832E+01   0.272072E+00   0.267086E+03   0.263114E+02   0.476135E+15   0.421562E+35   0.107838E+04   0.165077E+03   0.138404E+00
   0.184016E+01   0.272344E+00   0.267380E+03   0.264161E+02   0.476658E+15   0.423239E+35   0.107877E+04   0.165160E+03   0.138761E+00
   0.184200E+01   0.272616E+00   0.267674E+03   0.265212E+02   0.477183E+15   0.424923E+35   0.107916E+04   0.165243E+03   0.139118E+00
   0.184384E+01   0.272889E+00   0.267968E+03   0.266267E+02   0.477707E+15   0.426613E+35   0.107954E+04   0.165327E+03   0.139477E+00
   0.184569E+01   0.273162E+00   0.268263E+03   0.267326E+02   0.478233E+15   0.428310E+35   0.107993E+04   0.165410E+03   0.139836E+00
   0.184754E+01   0.273435E+00   0.268558E+03   0.268389E+02   0.478759E+15   0.430013E+35   0.108032E+04   0.165493E+03   0.140196E+00
   0.184938E+01   0.273709E+00   0.268854E+03   0.269456E+02   0.479286E+15   0.431722E+35   0.108071E+04   0.165576E+03   0.140557E+00
   0.185123E+01   0.273983E+00   0.269150E+03   0.270527E+02   0.479814E+15   0.433438E+35   0.108110E+04   0.165659E+03   0.140919E+00
   0.185309E+01   0.274257E+00   0.269446E+03   0.271602E+02   0.480342E+15   0.435160E+35   0.108149E+04   0.165742E+03   0.141281E+00
   0.185494E+01   0.274531E+00   0.269743E+03   0.272681E+02   0.480871E+15   0.436889E+35   0.108189E+04   0.165825E+03   0.141645E+00
   0.185680E+01   0.274806E+00   0.270040E+03   0.273763E+02   0.481401E+15   0.438624E+35   0.108228E+04   0.165908E+03   0.142009E+00
   0.185865E+01   0.275081E+00   0.270338E+03   0.274850E+02   0.481932E+15   0.440365E+35   0.108267E+04   0.165991E+03   0.142374E+00
   0.186051E+01   0.275356E+00   0.270636E+03   0.275941E+02   0.482463E+15   0.442113E+35   0.108307E+04   0.166075E+03   0.142741E+00
   0.186238E+01   0.275632E+00   0.270935E+03   0.277036E+02   0.482995E+15   0.443868E+35   0.108347E+04   0.166158E+03   0.143107E+00
   0.186424E+01   0.275907E+00   0.271233E+03   0.278136E+02   0.483528E+15   0.445629E+35   0.108387E+04   0.166241E+03   0.143475E+00
   0.186610E+01   0.276183E+00   0.271533E+03   0.279239E+02   0.484061E+15   0.447396E+35   0.108427E+04   0.166324E+03   0.143844E+00
   0.186797E+01   0.276460E+00   0.271832E+03   0.280346E+02   0.484595E+15   0.449170E+35   0.108467E+04   0.166407E+03   0.144213E+00
   0.186984E+01   0.276736E+00   0.272132E+03   0.281457E+02   0.485130E+15   0.450951E+35   0.108507E+04   0.166490E+03   0.144584E+00
   0.187171E+01   0.277013E+00   0.272433E+03   0.282573E+02   0.485666E+15   0.452738E+35   0.108547E+04   0.166574E+03   0.144955E+00
   0.187358E+01   0.277290E+00   0.272734E+03   0.283692E+02   0.486202E+15   0.454532E+35   0.108588E+04   0.166657E+03   0.145327E+00
   0.187546E+01   0.277568E+00   0.273035E+03   0.284816E+02   0.486740E+15   0.456332E+35   0.108628E+04   0.166740E+03   0.145700E+00
   0.187733E+01   0.277845E+00   0.273337E+03   0.285944E+02   0.487277E+15   0.458139E+35   0.108669E+04   0.166823E+03   0.146074E+00
   0.187921E+01   0.278123E+00   0.273639E+03   0.287076E+02   0.487816E+15   0.459953E+35   0.108709E+04   0.166906E+03   0.146448E+00
   0.188109E+01   0.278402E+00   0.273941E+03   0.288212E+02   0.488355E+15   0.461774E+35   0.108750E+04   0.166990E+03   0.146824E+00
   0.188297E+01   0.278680E+00   0.274244E+03   0.289353E+02   0.488896E+15   0.463601E+35   0.108791E+04   0.167073E+03   0.147200E+00
   0.188486E+01   0.278959E+00   0.274548E+03   0.290497E+02   0.489436E+15   0.465435E+35   0.108832E+04   0.167156E+03   0.147578E+00
   0.188674E+01   0.279238E+00   0.274852E+03   0.291646E+02   0.489978E+15   0.467275E+35   0.108873E+04   0.167239E+03   0.147956E+00
   0.188863E+01   0.279518E+00   0.275156E+03   0.292799E+02   0.490520E+15   0.469122E+35   0.108915E+04   0.167322E+03   0.148335E+00
   0.189052E+01   0.279797E+00   0.275461E+03   0.293956E+02   0.491063E+15   0.470977E+35   0.108956E+04   0.167406E+03   0.148715E+00
   0.189241E+01   0.280077E+00   0.275766E+03   0.295118E+02   0.491607E+15   0.472837E+35   0.108998E+04   0.167489E+03   0.149095E+00
   0.189431E+01   0.280357E+00   0.276071E+03   0.296283E+02   0.492152E+15   0.474705E+35   0.109039E+04   0.167572E+03   0.149477E+00
   0.189620E+01   0.280638E+00   0.276377E+03   0.297453E+02   0.492697E+15   0.476580E+35   0.109081E+04   0.167655E+03   0.149859E+00
   0.189810E+01   0.280919E+00   0.276683E+03   0.298627E+02   0.493243E+15   0.478461E+35   0.109123E+04   0.167739E+03   0.150243E+00
   0.190000E+01   0.281200E+00   0.276990E+03   0.299806E+02   0.493790E+15   0.480349E+35   0.109165E+04   0.167822E+03   0.150627E+00
   0.190190E+01   0.281481E+00   0.277297E+03   0.300989E+02   0.494338E+15   0.482244E+35   0.109207E+04   0.167905E+03   0.151012E+00
   0.190380E+01   0.281763E+00   0.277605E+03   0.302176E+02   0.494886E+15   0.484146E+35   0.109249E+04   0.167988E+03   0.151398E+00
   0.190571E+01   0.282045E+00   0.277913E+03   0.303367E+02   0.495435E+15   0.486055E+35   0.109291E+04   0.168072E+03   0.151785E+00
   0.190761E+01   0.282327E+00   0.278221E+03   0.304563E+02   0.495985E+15   0.487971E+35   0.109333E+04   0.168155E+03   0.152172E+00
   0.190952E+01   0.282609E+00   0.278530E+03   0.305763E+02   0.496536E+15   0.489893E+35   0.109376E+04   0.168238E+03   0.152561E+00
   0.191143E+01   0.282892E+00   0.278840E+03   0.306967E+02   0.497087E+15   0.491823E+35   0.109419E+04   0.168321E+03   0.152950E+00
   0.191334E+01   0.283175E+00   0.279149E+03   0.308176E+02   0.497640E+15   0.493760E+35   0.109461E+04   0.168405E+03   0.153340E+00
   0.191526E+01   0.283458E+00   0.279460E+03   0.309389E+02   0.498192E+15   0.495704E+35   0.109504E+04   0.168488E+03   0.153731E+00
   0.191718E+01   0.283742E+00   0.279770E+03   0.310607E+02   0.498746E+15   0.497654E+35   0.109547E+04   0.168571E+03   0.154123E+00
   0.191909E+01   0.284026E+00   0.280081E+03   0.311829E+02   0.499301E+15   0.499612E+35   0.109590E+04   0.168655E+03   0.154516E+00
   0.192101E+01   0.284310E+00   0.280393E+03   0.313055E+02   0.499856E+15   0.501577E+35   0.109633E+04   0.168738E+03   0.154910E+00
   0.192294E+01   0.284594E+00   0.280705E+03   0.314286E+02   0.500412E+15   0.503549E+35   0.109676E+04   0.168821E+03   0.155305E+00
   0.192486E+01   0.284879E+00   0.281017E+03   0.315521E+02   0.500969E+15   0.505527E+35   0.109720E+04   0.168904E+03   0.155700E+00
   0.192679E+01   0.285164E+00   0.281330E+03   0.316760E+02   0.501526E+15   0.507514E+35   0.109763E+04   0.168988E+03   0.156096E+00
   0.192871E+01   0.285449E+00   0.281643E+03   0.318004E+02   0.502085E+15   0.509507E+35   0.109807E+04   0.169071E+03   0.156493E+00
   0.193064E+01   0.285735E+00   0.281957E+03   0.319253E+02   0.502644E+15   0.511507E+35   0.109851E+04   0.169154E+03   0.156891E+00
   0.193257E+01   0.286021E+00   0.282271E+03   0.320506E+02   0.503204E+15   0.513514E+35   0.109894E+04   0.169237E+03   0.157290E+00
   0.193451E+01   0.286307E+00   0.282585E+03   0.321763E+02   0.503765E+15   0.515529E+35   0.109938E+04   0.169321E+03   0.157690E+00
   0.193644E+01   0.286594E+00   0.282900E+03   0.323025E+02   0.504326E+15   0.517551E+35   0.109982E+04   0.169404E+03   0.158091E+00
   0.193838E+01   0.286880E+00   0.283216E+03   0.324292E+02   0.504889E+15   0.519580E+35   0.110027E+04   0.169487E+03   0.158492E+00
   0.194032E+01   0.287167E+00   0.283532E+03   0.325563E+02   0.505452E+15   0.521616E+35   0.110071E+04   0.169570E+03   0.158895E+00
   0.194226E+01   0.287455E+00   0.283848E+03   0.326838E+02   0.506016E+15   0.523660E+35   0.110115E+04   0.169654E+03   0.159298E+00
   0.194420E+01   0.287742E+00   0.284165E+03   0.328118E+02   0.506580E+15   0.525711E+35   0.110160E+04   0.169737E+03   0.159702E+00
   0.194615E+01   0.288030E+00   0.284482E+03   0.329403E+02   0.507146E+15   0.527769E+35   0.110204E+04   0.169820E+03   0.160107E+00
   0.194810E+01   0.288318E+00   0.284799E+03   0.330692E+02   0.507712E+15   0.529834E+35   0.110249E+04   0.169903E+03   0.160513E+00
   0.195005E+01   0.288607E+00   0.285118E+03   0.331985E+02   0.508279E+15   0.531907E+35   0.110294E+04   0.169987E+03   0.160919E+00
   0.195200E+01   0.288896E+00   0.285436E+03   0.333284E+02   0.508847E+15   0.533987E+35   0.110339E+04   0.170070E+03   0.161327E+00
   0.195395E+01   0.289185E+00   0.285755E+03   0.334586E+02   0.509416E+15   0.536074E+35   0.110384E+04   0.170153E+03   0.161735E+00
   0.195590E+01   0.289474E+00   0.286074E+03   0.335894E+02   0.509985E+15   0.538169E+35   0.110429E+04   0.170236E+03   0.162145E+00
   0.195786E+01   0.289764E+00   0.286394E+03   0.337206E+02   0.510555E+15   0.540271E+35   0.110475E+04   0.170319E+03   0.162555E+00
   0.195982E+01   0.290053E+00   0.286715E+03   0.338523E+02   0.511126E+15   0.542381E+35   0.110520E+04   0.170403E+03   0.162966E+00
   0.196178E+01   0.290344E+00   0.287036E+03   0.339844E+02   0.511698E+15   0.544498E+35   0.110566E+04   0.170486E+03   0.163378E+00
   0.196374E+01   0.290634E+00   0.287357E+03   0.341170E+02   0.512271E+15   0.546622E+35   0.110611E+04   0.170569E+03   0.163791E+00
   0.196571E+01   0.290925E+00   0.287678E+03   0.342501E+02   0.512844E+15   0.548754E+35   0.110657E+04   0.170652E+03   0.164204E+00
   0.196768E+01   0.291216E+00   0.288001E+03   0.343836E+02   0.513419E+15   0.550894E+35   0.110703E+04   0.170735E+03   0.164619E+00
   0.196964E+01   0.291507E+00   0.288323E+03   0.345176E+02   0.513994E+15   0.553041E+35   0.110749E+04   0.170819E+03   0.165034E+00
   0.197161E+01   0.291799E+00   0.288646E+03   0.346520E+02   0.514570E+15   0.555195E+35   0.110795E+04   0.170902E+03   0.165450E+00
   0.197359E+01   0.292091E+00   0.288970E+03   0.347870E+02   0.515146E+15   0.557357E+35   0.110841E+04   0.170985E+03   0.165867E+00
   0.197556E+01   0.292383E+00   0.289294E+03   0.349224E+02   0.515724E+15   0.559527E+35   0.110887E+04   0.171068E+03   0.166285E+00
   0.197754E+01   0.292676E+00   0.289618E+03   0.350583E+02   0.516302E+15   0.561704E+35   0.110934E+04   0.171151E+03   0.166704E+00
   0.197952E+01   0.292969E+00   0.289943E+03   0.351946E+02   0.516882E+15   0.563888E+35   0.110980E+04   0.171234E+03   0.167124E+00
   0.198150E+01   0.293262E+00   0.290269E+03   0.353315E+02   0.517462E+15   0.566081E+35   0.111027E+04   0.171318E+03   0.167544E+00
   0.198348E+01   0.293555E+00   0.290594E+03   0.354688E+02   0.518043E+15   0.568281E+35   0.111074E+04   0.171401E+03   0.167966E+00
   0.198546E+01   0.293849E+00   0.290921E+03   0.356065E+02   0.518624E+15   0.570488E+35   0.111121E+04   0.171484E+03   0.168388E+00
   0.198745E+01   0.294143E+00   0.291247E+03   0.357448E+02   0.519207E+15   0.572703E+35   0.111168E+04   0.171567E+03   0.168811E+00
   0.198944E+01   0.294437E+00   0.291575E+03   0.358835E+02   0.519790E+15   0.574926E+35   0.111215E+04   0.171650E+03   0.169235E+00
   0.199143E+01   0.294732E+00   0.291902E+03   0.360228E+02   0.520374E+15   0.577157E+35   0.111262E+04   0.171733E+03   0.169660E+00
   0.199342E+01   0.295026E+00   0.292230E+03   0.361625E+02   0.520959E+15   0.579395E+35   0.111310E+04   0.171816E+03   0.170086E+00
   0.199542E+01   0.295322E+00   0.292559E+03   0.363027E+02   0.521545E+15   0.581641E+35   0.111357E+04   0.171899E+03   0.170512E+00
   0.199741E+01   0.295617E+00   0.292888E+03   0.364433E+02   0.522132E+15   0.583895E+35   0.111405E+04   0.171982E+03   0.170940E+00
   0.199941E+01   0.295913E+00   0.293218E+03   0.365845E+02   0.522719E+15   0.586156E+35   0.111452E+04   0.172065E+03   0.171368E+00
   0.200141E+01   0.296209E+00   0.293548E+03   0.367261E+02   0.523308E+15   0.588426E+35   0.111500E+04   0.172148E+03   0.171797E+00
   0.200341E+01   0.296505E+00   0.293878E+03   0.368682E+02   0.523897E+15   0.590703E+35   0.111548E+04   0.172231E+03   0.172227E+00
   0.200542E+01   0.296802E+00   0.294209E+03   0.370108E+02   0.524487E+15   0.592988E+35   0.111596E+04   0.172315E+03   0.172658E+00
   0.200743E+01   0.297099E+00   0.294541E+03   0.371539E+02   0.525078E+15   0.595281E+35   0.111645E+04   0.172398E+03   0.173090E+00
   0.200943E+01   0.297396E+00   0.294873E+03   0.372975E+02   0.525670E+15   0.597581E+35   0.111693E+04   0.172481E+03   0.173522E+00
   0.201144E+01   0.297694E+00   0.295205E+03   0.374416E+02   0.526262E+15   0.599890E+35   0.111741E+04   0.172564E+03   0.173956E+00
   0.201346E+01   0.297992E+00   0.295538E+03   0.375862E+02   0.526856E+15   0.602206E+35   0.111790E+04   0.172647E+03   0.174390E+00
   0.201547E+01   0.298290E+00   0.295871E+03   0.377313E+02   0.527450E+15   0.604530E+35   0.111838E+04   0.172730E+03   0.174825E+00
   0.201749E+01   0.298588E+00   0.296205E+03   0.378768E+02   0.528045E+15   0.606863E+35   0.111887E+04   0.172812E+03   0.175261E+00
   0.201951E+01   0.298887E+00   0.296540E+03   0.380229E+02   0.528641E+15   0.609203E+35   0.111936E+04   0.172895E+03   0.175698E+00
   0.202153E+01   0.299186E+00   0.296874E+03   0.381694E+02   0.529238E+15   0.611551E+35   0.111985E+04   0.172978E+03   0.176136E+00
   0.202355E+01   0.299485E+00   0.297210E+03   0.383165E+02   0.529836E+15   0.613907E+35   0.112034E+04   0.173061E+03   0.176574E+00
   0.202557E+01   0.299785E+00   0.297545E+03   0.384641E+02   0.530434E+15   0.616271E+35   0.112084E+04   0.173144E+03   0.177014E+00
   0.202760E+01   0.300085E+00   0.297882E+03   0.386121E+02   0.531034E+15   0.618643E+35   0.112133E+04   0.173227E+03   0.177454E+00
   0.202963E+01   0.300385E+00   0.298218E+03   0.387607E+02   0.531634E+15   0.621023E+35   0.112182E+04   0.173310E+03   0.177895E+00
   0.203166E+01   0.300686E+00   0.298556E+03   0.389097E+02   0.532235E+15   0.623412E+35   0.112232E+04   0.173393E+03   0.178337E+00
   0.203369E+01   0.300986E+00   0.298893E+03   0.390593E+02   0.532837E+15   0.625808E+35   0.112282E+04   0.173476E+03   0.178780E+00
   0.203573E+01   0.301288E+00   0.299231E+03   0.392093E+02   0.533440E+15   0.628212E+35   0.112332E+04   0.173559E+03   0.179224E+00
   0.203776E+01   0.301589E+00   0.299570E+03   0.393599E+02   0.534044E+15   0.630625E+35   0.112381E+04   0.173642E+03   0.179669E+00
   0.203980E+01   0.301891E+00   0.299909E+03   0.395110E+02   0.534648E+15   0.633045E+35   0.112432E+04   0.173724E+03   0.180114E+00
   0.204184E+01   0.302193E+00   0.300249E+03   0.396626E+02   0.535254E+15   0.635474E+35   0.112482E+04   0.173807E+03   0.180560E+00
   0.204389E+01   0.302495E+00   0.300589E+03   0.398147E+02   0.535860E+15   0.637911E+35   0.112532E+04   0.173890E+03   0.181007E+00
   0.204593E+01   0.302798E+00   0.300930E+03   0.399673E+02   0.536468E+15   0.640356E+35   0.112582E+04   0.173973E+03   0.181455E+00
   0.204798E+01   0.303101E+00   0.301271E+03   0.401204E+02   0.537076E+15   0.642809E+35   0.112633E+04   0.174056E+03   0.181904E+00
   0.205003E+01   0.303404E+00   0.301613E+03   0.402740E+02   0.537685E+15   0.645270E+35   0.112684E+04   0.174138E+03   0.182354E+00
   0.205208E+01   0.303708E+00   0.301955E+03   0.404282E+02   0.538295E+15   0.647740E+35   0.112734E+04   0.174221E+03   0.182804E+00
   0.205413E+01   0.304011E+00   0.302297E+03   0.405828E+02   0.538906E+15   0.650218E+35   0.112785E+04   0.174304E+03   0.183256E+00
   0.205619E+01   0.304316E+00   0.302641E+03   0.407380E+02   0.539517E+15   0.652704E+35   0.112836E+04   0.174386E+03   0.183708E+00
   0.205824E+01   0.304620E+00   0.302984E+03   0.408937E+02   0.540130E+15   0.655198E+35   0.112887E+04   0.174469E+03   0.184161E+00
   0.206030E+01   0.304925E+00   0.303328E+03   0.410499E+02   0.540743E+15   0.657701E+35   0.112939E+04   0.174552E+03   0.184615E+00
   0.206236E+01   0.305230E+00   0.303673E+03   0.412066E+02   0.541358E+15   0.660212E+35   0.112990E+04   0.174635E+03   0.185070E+00
   0.206443E+01   0.305535E+00   0.304018E+03   0.413638E+02   0.541973E+15   0.662732E+35   0.113042E+04   0.174717E+03   0.185525E+00
   0.206649E+01   0.305841E+00   0.304364E+03   0.415216E+02   0.542589E+15   0.665259E+35   0.113093E+04   0.174800E+03   0.185982E+00
   0.206856E+01   0.306147E+00   0.304710E+03   0.416799E+02   0.543206E+15   0.667795E+35   0.113145E+04   0.174882E+03   0.186439E+00
   0.207063E+01   0.306453E+00   0.305056E+03   0.418387E+02   0.543824E+15   0.670340E+35   0.113197E+04   0.174965E+03   0.186897E+00
   0.207270E+01   0.306760E+00   0.305404E+03   0.419980E+02   0.544443E+15   0.672893E+35   0.113249E+04   0.175048E+03   0.187356E+00
   0.207478E+01   0.307067E+00   0.305751E+03   0.421579E+02   0.545063E+15   0.675454E+35   0.113301E+04   0.175130E+03   0.187816E+00
   0.207685E+01   0.307374E+00   0.306099E+03   0.423183E+02   0.545683E+15   0.678024E+35   0.113353E+04   0.175213E+03   0.188277E+00
   0.207893E+01   0.307681E+00   0.306448E+03   0.424792E+02   0.546305E+15   0.680602E+35   0.113405E+04   0.175295E+03   0.188738E+00
   0.208101E+01   0.307989E+00   0.306797E+03   0.426406E+02   0.546927E+15   0.683188E+35   0.113458E+04   0.175378E+03   0.189201E+00
   0.208309E+01   0.308297E+00   0.307147E+03   0.428026E+02   0.547551E+15   0.685784E+35   0.113510E+04   0.175460E+03   0.189664E+00
   0.208518E+01   0.308606E+00   0.307497E+03   0.429651E+02   0.548175E+15   0.688387E+35   0.113563E+04   0.175543E+03   0.190128E+00
   0.208726E+01   0.308915E+00   0.307848E+03   0.431282E+02   0.548800E+15   0.690999E+35   0.113616E+04   0.175625E+03   0.190593E+00
   0.208935E+01   0.309224E+00   0.308199E+03   0.432917E+02   0.549427E+15   0.693620E+35   0.113669E+04   0.175708E+03   0.191058E+00
   0.209144E+01   0.309533E+00   0.308551E+03   0.434558E+02   0.550054E+15   0.696249E+35   0.113722E+04   0.175790E+03   0.191525E+00
   0.209353E+01   0.309843E+00   0.308903E+03   0.436205E+02   0.550682E+15   0.698887E+35   0.113775E+04   0.175873E+03   0.191992E+00
   0.209563E+01   0.310153E+00   0.309256E+03   0.437856E+02   0.551310E+15   0.701533E+35   0.113828E+04   0.175955E+03   0.192460E+00
   0.209772E+01   0.310463E+00   0.309609E+03   0.439513E+02   0.551940E+15   0.704188E+35   0.113882E+04   0.176037E+03   0.192929E+00
   0.209982E+01   0.310774E+00   0.309963E+03   0.441176E+02   0.552571E+15   0.706852E+35   0.113935E+04   0.176120E+03   0.193399E+00
   0.210192E+01   0.311085E+00   0.310317E+03   0.442844E+02   0.553203E+15   0.709524E+35   0.113989E+04   0.176202E+03   0.193870E+00
   0.210403E+01   0.311396E+00   0.310672E+03   0.444517E+02   0.553835E+15   0.712205E+35   0.114043E+04   0.176285E+03   0.194342E+00
   0.210613E+01   0.311707E+00   0.311028E+03   0.446196E+02   0.554469E+15   0.714895E+35   0.114096E+04   0.176367E+03   0.194814E+00
   0.210824E+01   0.312019E+00   0.311384E+03   0.447880E+02   0.555103E+15   0.717593E+35   0.114150E+04   0.176449E+03   0.195287E+00
   0.211035E+01   0.312331E+00   0.311740E+03   0.449569E+02   0.555739E+15   0.720300E+35   0.114205E+04   0.176531E+03   0.195761E+00
   0.211246E+01   0.312644E+00   0.312097E+03   0.451264E+02   0.556375E+15   0.723016E+35   0.114259E+04   0.176614E+03   0.196236E+00
   0.211457E+01   0.312957E+00   0.312454E+03   0.452965E+02   0.557012E+15   0.725740E+35   0.114313E+04   0.176696E+03   0.196712E+00
   0.211669E+01   0.313270E+00   0.312812E+03   0.454671E+02   0.557651E+15   0.728474E+35   0.114368E+04   0.176778E+03   0.197188E+00
   0.211881E+01   0.313583E+00   0.313171E+03   0.456382E+02   0.558290E+15   0.731216E+35   0.114422E+04   0.176860E+03   0.197665E+00
   0.212093E+01   0.313897E+00   0.313530E+03   0.458099E+02   0.558930E+15   0.733967E+35   0.114477E+04   0.176942E+03   0.198144E+00
   0.212305E+01   0.314211E+00   0.313890E+03   0.459822E+02   0.559571E+15   0.736726E+35   0.114532E+04   0.177025E+03   0.198623E+00
   0.212517E+01   0.314525E+00   0.314250E+03   0.461550E+02   0.560213E+15   0.739495E+35   0.114587E+04   0.177107E+03   0.199102E+00
   0.212730E+01   0.314840E+00   0.314610E+03   0.463283E+02   0.560856E+15   0.742272E+35   0.114642E+04   0.177189E+03   0.199583E+00
   0.212943E+01   0.315155E+00   0.314972E+03   0.465022E+02   0.561500E+15   0.745058E+35   0.114697E+04   0.177271E+03   0.200064E+00
   0.213156E+01   0.315470E+00   0.315333E+03   0.466767E+02   0.562145E+15   0.747853E+35   0.114752E+04   0.177353E+03   0.200547E+00
   0.213369E+01   0.315786E+00   0.315696E+03   0.468517E+02   0.562791E+15   0.750657E+35   0.114808E+04   0.177435E+03   0.201030E+00
   0.213582E+01   0.316102E+00   0.316058E+03   0.470272E+02   0.563437E+15   0.753470E+35   0.114863E+04   0.177517E+03   0.201514E+00
   0.213796E+01   0.316418E+00   0.316422E+03   0.472034E+02   0.564085E+15   0.756292E+35   0.114919E+04   0.177599E+03   0.201998E+00
   0.214010E+01   0.316735E+00   0.316786E+03   0.473800E+02   0.564734E+15   0.759123E+35   0.114975E+04   0.177681E+03   0.202484E+00
   0.214224E+01   0.317052E+00   0.317150E+03   0.475573E+02   0.565384E+15   0.761963E+35   0.115031E+04   0.177763E+03   0.202970E+00
   0.214439E+01   0.317369E+00   0.317515E+03   0.477351E+02   0.566034E+15   0.764811E+35   0.115087E+04   0.177845E+03   0.203457E+00
   0.214653E+01   0.317687E+00   0.317881E+03   0.479134E+02   0.566686E+15   0.767669E+35   0.115143E+04   0.177927E+03   0.203945E+00
   0.214868E+01   0.318004E+00   0.318247E+03   0.480924E+02   0.567338E+15   0.770536E+35   0.115199E+04   0.178009E+03   0.204434E+00
   0.215083E+01   0.318323E+00   0.318613E+03   0.482719E+02   0.567992E+15   0.773412E+35   0.115256E+04   0.178091E+03   0.204924E+00
   0.215298E+01   0.318641E+00   0.318981E+03   0.484519E+02   0.568647E+15   0.776297E+35   0.115312E+04   0.178173E+03   0.205414E+00
   0.215513E+01   0.318960E+00   0.319348E+03   0.486326E+02   0.569302E+15   0.779191E+35   0.115369E+04   0.178254E+03   0.205905E+00
   0.215729E+01   0.319279E+00   0.319716E+03   0.488137E+02   0.569959E+15   0.782094E+35   0.115426E+04   0.178336E+03   0.206397E+00
   0.215945E+01   0.319598E+00   0.320085E+03   0.489955E+02   0.570616E+15   0.785006E+35   0.115483E+04   0.178418E+03   0.206890E+00
   0.216161E+01   0.319918E+00   0.320455E+03   0.491778E+02   0.571274E+15   0.787927E+35   0.115540E+04   0.178500E+03   0.207384E+00
   0.216377E+01   0.320238E+00   0.320825E+03   0.493607E+02   0.571934E+15   0.790858E+35   0.115597E+04   0.178582E+03   0.207878E+00
   0.216594E+01   0.320559E+00   0.321195E+03   0.495442E+02   0.572594E+15   0.793797E+35   0.115654E+04   0.178663E+03   0.208374E+00
   0.216810E+01   0.320879E+00   0.321566E+03   0.497283E+02   0.573256E+15   0.796746E+35   0.115712E+04   0.178745E+03   0.208870E+00
   0.217027E+01   0.321200E+00   0.321938E+03   0.499129E+02   0.573918E+15   0.799704E+35   0.115769E+04   0.178827E+03   0.209367E+00
   0.217244E+01   0.321522E+00   0.322310E+03   0.500981E+02   0.574582E+15   0.802671E+35   0.115827E+04   0.178908E+03   0.209864E+00
   0.217462E+01   0.321843E+00   0.322682E+03   0.502839E+02   0.575246E+15   0.805648E+35   0.115884E+04   0.178990E+03   0.210363E+00
   0.217679E+01   0.322165E+00   0.323056E+03   0.504702E+02   0.575911E+15   0.808634E+35   0.115942E+04   0.179072E+03   0.210862E+00
   0.217897E+01   0.322488E+00   0.323429E+03   0.506571E+02   0.576578E+15   0.811628E+35   0.116000E+04   0.179153E+03   0.211362E+00
   0.218115E+01   0.322810E+00   0.323804E+03   0.508446E+02   0.577245E+15   0.814633E+35   0.116058E+04   0.179235E+03   0.211863E+00
   0.218333E+01   0.323133E+00   0.324179E+03   0.510327E+02   0.577913E+15   0.817646E+35   0.116117E+04   0.179316E+03   0.212365E+00
   0.218552E+01   0.323457E+00   0.324554E+03   0.512214E+02   0.578583E+15   0.820669E+35   0.116175E+04   0.179398E+03   0.212867E+00
   0.218770E+01   0.323780E+00   0.324930E+03   0.514106E+02   0.579253E+15   0.823701E+35   0.116233E+04   0.179479E+03   0.213370E+00
   0.218989E+01   0.324104E+00   0.325307E+03   0.516005E+02   0.579925E+15   0.826743E+35   0.116292E+04   0.179561E+03   0.213874E+00
   0.219208E+01   0.324428E+00   0.325684E+03   0.517909E+02   0.580597E+15   0.829794E+35   0.116351E+04   0.179642E+03   0.214379E+00
   0.219428E+01   0.324753E+00   0.326062E+03   0.519819E+02   0.581271E+15   0.832854E+35   0.116410E+04   0.179724E+03   0.214885E+00
   0.219647E+01   0.325078E+00   0.326440E+03   0.521735E+02   0.581945E+15   0.835924E+35   0.116469E+04   0.179805E+03   0.215391E+00
   0.219867E+01   0.325403E+00   0.326819E+03   0.523657E+02   0.582620E+15   0.839003E+35   0.116528E+04   0.179886E+03   0.215898E+00
   0.220087E+01   0.325729E+00   0.327199E+03   0.525584E+02   0.583297E+15   0.842091E+35   0.116587E+04   0.179968E+03   0.216406E+00
   0.224983E+01   0.332974E+00   0.335694E+03   0.569505E+02   0.598442E+15   0.912461E+35   0.117920E+04   0.181751E+03   0.227779E+00
   0.229987E+01   0.340381E+00   0.344479E+03   0.616396E+02   0.614103E+15   0.987590E+35   0.119313E+04   0.183522E+03   0.239521E+00
   0.235103E+01   0.347952E+00   0.353568E+03   0.666371E+02   0.630305E+15   0.106766E+36   0.120765E+04   0.185279E+03   0.251617E+00
   0.240332E+01   0.355692E+00   0.362973E+03   0.719546E+02   0.647072E+15   0.115286E+36   0.122276E+04   0.187023E+03   0.264054E+00
   0.245678E+01   0.363604E+00   0.372709E+03   0.776037E+02   0.664429E+15   0.124337E+36   0.123847E+04   0.188753E+03   0.276818E+00
   0.251143E+01   0.371692E+00   0.382792E+03   0.835964E+02   0.682403E+15   0.133938E+36   0.125477E+04   0.190470E+03   0.289893E+00
   0.256730E+01   0.379960E+00   0.393236E+03   0.899448E+02   0.701021E+15   0.144110E+36   0.127166E+04   0.192173E+03   0.303265E+00
   0.262440E+01   0.388411E+00   0.404057E+03   0.966615E+02   0.720313E+15   0.154871E+36   0.128915E+04   0.193864E+03   0.316919E+00
   0.268278E+01   0.397051E+00   0.415273E+03   0.103760E+03   0.740307E+15   0.166244E+36   0.130722E+04   0.195543E+03   0.330841E+00
   0.274245E+01   0.405883E+00   0.426901E+03   0.111252E+03   0.761036E+15   0.178249E+36   0.132588E+04   0.197210E+03   0.345017E+00
   0.280346E+01   0.414911E+00   0.438958E+03   0.119154E+03   0.782530E+15   0.190908E+36   0.134513E+04   0.198866E+03   0.359434E+00
   0.286582E+01   0.424141E+00   0.451464E+03   0.127479E+03   0.804825E+15   0.204247E+36   0.136498E+04   0.200512E+03   0.374079E+00
   0.292956E+01   0.433575E+00   0.464438E+03   0.136243E+03   0.827954E+15   0.218288E+36   0.138541E+04   0.202150E+03   0.388939E+00
   0.299473E+01   0.443219E+00   0.477901E+03   0.145462E+03   0.851954E+15   0.233058E+36   0.140644E+04   0.203780E+03   0.404003E+00
   0.306134E+01   0.453078E+00   0.491873E+03   0.155152E+03   0.876862E+15   0.248584E+36   0.142806E+04   0.205402E+03   0.419260E+00
   0.312944E+01   0.463157E+00   0.506377E+03   0.165331E+03   0.902719E+15   0.264894E+36   0.145028E+04   0.207019E+03   0.434699E+00
   0.319905E+01   0.473459E+00   0.521436E+03   0.176018E+03   0.929564E+15   0.282017E+36   0.147310E+04   0.208630E+03   0.450312E+00
   0.327021E+01   0.483990E+00   0.537073E+03   0.187232E+03   0.957441E+15   0.299984E+36   0.149653E+04   0.210237E+03   0.466088E+00
   0.334295E+01   0.494756E+00   0.553314E+03   0.198994E+03   0.986393E+15   0.318828E+36   0.152056E+04   0.211840E+03   0.482020E+00
   0.341731E+01   0.505761E+00   0.570184E+03   0.211324E+03   0.101647E+16   0.338584E+36   0.154521E+04   0.213441E+03   0.498100E+00
   0.349332E+01   0.517011E+00   0.587710E+03   0.224245E+03   0.104771E+16   0.359286E+36   0.157048E+04   0.215040E+03   0.514320E+00
   0.357103E+01   0.528512E+00   0.605919E+03   0.237781E+03   0.108017E+16   0.380973E+36   0.159637E+04   0.216639E+03   0.530672E+00
   0.365046E+01   0.540268E+00   0.624842E+03   0.251956E+03   0.111391E+16   0.403684E+36   0.162290E+04   0.218237E+03   0.547152E+00
   0.373166E+01   0.552285E+00   0.644509E+03   0.266796E+03   0.114897E+16   0.427461E+36   0.165006E+04   0.219836E+03   0.563752E+00
   0.381466E+01   0.564570E+00   0.664950E+03   0.282328E+03   0.118541E+16   0.452346E+36   0.167787E+04   0.221436E+03   0.580468E+00
   0.389952E+01   0.577129E+00   0.686200E+03   0.298580E+03   0.122329E+16   0.478385E+36   0.170634E+04   0.223039E+03   0.597293E+00
   0.398626E+01   0.589966E+00   0.708292E+03   0.315582E+03   0.126267E+16   0.505625E+36   0.173548E+04   0.224644E+03   0.614224E+00
   0.407493E+01   0.603089E+00   0.731263E+03   0.333365E+03   0.130362E+16   0.534117E+36   0.176529E+04   0.226253E+03   0.631255E+00
   0.416557E+01   0.616504E+00   0.755149E+03   0.351961E+03   0.134620E+16   0.563912E+36   0.179579E+04   0.227865E+03   0.648383E+00
   0.425823E+01   0.630218E+00   0.779989E+03   0.371404E+03   0.139049E+16   0.595064E+36   0.182698E+04   0.229483E+03   0.665603E+00
   0.435295E+01   0.644236E+00   0.805824E+03   0.391731E+03   0.143654E+16   0.627632E+36   0.185888E+04   0.231105E+03   0.682912E+00
   0.444977E+01   0.658566E+00   0.832696E+03   0.412978E+03   0.148445E+16   0.661673E+36   0.189149E+04   0.232733E+03   0.700306E+00
   0.454875E+01   0.673215E+00   0.860648E+03   0.435184E+03   0.153428E+16   0.697251E+36   0.192484E+04   0.234368E+03   0.717783E+00
   0.464993E+01   0.688190E+00   0.889728E+03   0.458390E+03   0.158612E+16   0.734432E+36   0.195893E+04   0.236009E+03   0.735339E+00
   0.475337E+01   0.703498E+00   0.919982E+03   0.482638E+03   0.164005E+16   0.773282E+36   0.199378E+04   0.237657E+03   0.752972E+00
   0.485910E+01   0.719147E+00   0.951460E+03   0.507973E+03   0.169617E+16   0.813874E+36   0.202940E+04   0.239313E+03   0.770678E+00
   0.496718E+01   0.735143E+00   0.984215E+03   0.534442E+03   0.175456E+16   0.856283E+36   0.206580E+04   0.240976E+03   0.788456E+00
   0.507767E+01   0.751495E+00   0.101830E+04   0.562093E+03   0.181532E+16   0.900585E+36   0.210300E+04   0.242648E+03   0.806303E+00
   0.519062E+01   0.768212E+00   0.105377E+04   0.590977E+03   0.187856E+16   0.946863E+36   0.214101E+04   0.244329E+03   0.824217E+00
   0.530608E+01   0.785299E+00   0.109069E+04   0.621147E+03   0.194437E+16   0.995202E+36   0.217985E+04   0.246019E+03   0.842196E+00
   0.542410E+01   0.802767E+00   0.112911E+04   0.652659E+03   0.201287E+16   0.104569E+37   0.221954E+04   0.247719E+03   0.860238E+00
   0.554476E+01   0.820624E+00   0.116911E+04   0.685571E+03   0.208417E+16   0.109842E+37   0.226008E+04   0.249428E+03   0.878342E+00
   0.566809E+01   0.838878E+00   0.121074E+04   0.719943E+03   0.215839E+16   0.115349E+37   0.230151E+04   0.251147E+03   0.896505E+00
   0.579417E+01   0.857538E+00   0.125408E+04   0.755840E+03   0.223565E+16   0.121101E+37   0.234383E+04   0.252877E+03   0.914726E+00
   0.592306E+01   0.876613E+00   0.129920E+04   0.793326E+03   0.231609E+16   0.127107E+37   0.238706E+04   0.254618E+03   0.933003E+00
   0.605481E+01   0.896112E+00   0.134618E+04   0.832472E+03   0.239983E+16   0.133379E+37   0.243123E+04   0.256369E+03   0.951336E+00
   0.618949E+01   0.916045E+00   0.139509E+04   0.873350E+03   0.248703E+16   0.139928E+37   0.247634E+04   0.258132E+03   0.969722E+00
   0.632717E+01   0.936421E+00   0.144602E+04   0.916035E+03   0.257782E+16   0.146767E+37   0.252243E+04   0.259907E+03   0.988161E+00
